y = -27.4x^2 + (59.97)x^2 + (142.53)

discrim = 59.97^2 - 4(-27.4)(142.53) = 19217.688899999997
    has two solutions (discrim > 0)

x = (-59.97 +- sqrt(19217.688899999997)) / (2(-27.4))
x = -1.435362759684205, x = 3.624048891071066

h = (-1.435362759684205 + 3.624048891071066)/2 = 1.0943430656934305
k = -27.4(1.0943430656934305)^2 + (59.97)(1.0943430656934305) + (142.53) = 175.34387682481753
y = -27.4(x - (1.0943430656934305))^2 + (175.34387682481753)
